     -128        92      -124       -27        42       -97        45       -99 
      -38        90       101        44      -101       -98       -33      -109 
      -16        -7       -20       125      -112       127      -103        47 
      -32       -99      -124        44        52       -99      -126       -85 
      -58        -8       -13       -70       114        95       -33        46 
       55      -120       -39        81       110       -71      -112        75 
      -56        21        53        76         9       -87      -111       127 
     -122        54       -30       -82        95       -68       121       -75 
      125       -53        20       -88        74      -119        -4       -60 
       51      -126       -34        22       -33        51       106       -19 
       44        84       -83         1       -18       -23        47        96 
      102         7       -52        28      -124       103        82       -74 
      -35       -84       -32        73       106       116        -7       118 
        6        32       107        19       -90       100       -30      -110 
       85      -115        75        51        -9      -107       -22       -22 
      -70       -24        58        14        91       -12      -120       -58 
       30       115        78        51      -118       120        80        93 
      -24        59       120       -33       122       -92       114        82 
      124      -104         7       123       -36         7        58        52 
      -72       -78        37        27      -101       -67      -112        -4 
      119        -8        86        -1        98       -19       120      -111 
       17       -87        -2        19        21        75      -110        69 
      -41        78       -38       113        84      -106      -104        87 
     -103        60      -124       -37        -2        25       -27       113 
       34        20       -15        68       -86        44       -22        41 
      -72        68       -11        71        45       -78       -72      -126 
      -97      -123       -69       -84        25      -102       124       107 
     -107        94        79       -24        58        96        -4        60 
       86       -98        23      -101        26      -117        29        62 
       23       -29        83        18       124        47        95        34 
       12        23       -93       -59       -30       107        93      -121 
      -27       -16       127       -40         9       -22        79       119 
       74       110       -65      -100       105       100      -118       -24 
      101        94        19        13       -72        28        -3        61 
       87       -37      -119        84       103        98       -77       -60 
      -65       -54        12        68        33        16        86        56 
       56        92       -31       -33        81        14       -88        62 
      -39      -114        42       -48      -101       -48        10       -22 
      -74       -87       102       -16        95       -43        -9        58 
       92       -60       -19       -61        59        41      -120      -105 
       86        64       118        -5      -120       -31       -16        89 
      -83        73      -110       -14       -37       -92        -2        66 
       98        90        49        50      -124        30       -96         0 
      -12       -73        26       -17        16      -116        93       -82 
      -34       -14       117      -119       -56        54       -40        81 
       23       105        67        12        49       -18        83        93 
     -110       -60       -30       -78      -116      -108        39        47 
      -65       122      -116        94        86      -109        78      -109 
        6        75       -41        32       -57       100       -37        62 
       81       -59        52       -74        85         8       126        82 
     -128       -63       114         7        49      -113         3       -33 
      -12       -27        58       -88       -58      -106       -46        95 
        8        34      -109        89        63       -62       111        55 
     -111        53        94      -121        -1        73        -7        58 
       99        40       -40       -54        41       104       -83        40 
      -51       -48        29       102        24       -21        98        41 
       26        79       -95       -52       -26       -86        12        85 
       16      -111       -73        24       -25         9        59        45 
      115       -47        13      -109        45       117      -100        33 
     -127        20        44        48         4       -20       117        10 
      117       -86        -6        17       117       115        43       -81 
        6       -78        58         1       -59       -96       -67        67 
      -25      -108         8        -6       -11        16        72       -29 
       71      -121        96       -98        66       -16      -125        26 
       81        11      -106       -65       -92       118        67        94 
      -85       111       -35       -38        81       102       -10      -109 
       -7        74       -62      -106        57      -112        42      -123 
       89         3       -80        71      -118        79         5       112 
      -26        75       108       111        44         9       -52       122 
       55       -97      -104        58        67       -76        95        54 
      -32       -54        50         0       -78        77       -71        33 
      -18        95        20       -60      -108        97       115        38 
      108        65       116       -71       -61      -122        64        27 
      -30        29        99       -70        83       -31       111        67 
      -45       -21        80       -49        22       -97       110       -51 
       61       115      -123       -83        23       126        68        81 
       27       -59       -89        52        34        68        20        88 
      -28       -66        56       -15        57        68       -97       -45 
       11      -120        21      -100        30       -33       -64       -95 
      127        23        -6      -102       -51        -1       -16        12 
       43       -81        -4       122         0      -101       -62        74 
      117        91        12       121       -84        56       102        -2 
      -63       118       121        -1      -127       100        40       -74 
      -19        36       108        34       109        58       -16       109 
      -44       -41       107        32        23       -29       -63         9 
      -51       -51       -39       -24       102        18        60       -36 
       43      -114       115      -112        -7      -122        29        37 
      -67       113       -46       -35       -82      -119       -69      -115 
       78        22       -19       -63        30       117      -118       -84 
       36       -21      -106       -42        29        44      -102      -124 
     -126       -87        -5       -26        61       -99        23         3 
       40       -42        37       101        74        67       -55      -124 
      -48        66       122       -13       -51       -88      -108        76 
      -79      -115        60       -35      -117       -36        -8        15 
       -2       -98        10      -102         5         1      -113       107 
      102        43        92        80        -9       -63      -108       105 
     -108        53         9        79       -36       -45        88         1 
      -82      -117       -61      -109       102       124       -52      -107 
      -41        69      -105        68         8        10        -3       115 
      -81        72       111        55       111        89      -111        85 
      -48       -58      -110       108         2        80        77       -30 
       81       -67        33      -112       104        99      -111        45 
       70       118      -102       123         0        17       -40        51 
       59         5        87       -79       104       101        58        96 
      -66       -50        14       -29        -7       119       -21         9 
      -44        -4        80       110        71       -22       -68       -16 
     -128         9        12       -40       -93       109      -104       -59 
       66        59        12        88      -101        60         6       -95 
     -108        35       116        76       119       -98       -85      -117 
      109        31        72       -61       -68       103       -57       -10 
      -64       -41       -27       -13       -85       118       -75        63 
       -4       -63      -124       -62       -64        54       110        49 
     -116       -97       -67        63        54        31         5      -125 
       86        -3         0        39       127        52        42        86 
       61       -74        28        99       -50      -124       -87       -70 
      -95       111       -70      -121      -112       -85       -23        40 
      -36        25       -32        83       -20        81       112         7 
      -59       113       112        52        72       -89        92        41 
       47      -128       -87       -63       -58       -17       -23        77 
      105        29       -93        64       -63       -12       -16       -99 
      -67       105       -42        33        82      -116       100        48 
      -13        80      -111      -128       -49        27       -43      -121 
      -50        12      -123       -91        73        16       -17        18 
     -117       -92        57      -123        12       103        -6       -87 
      103       103      -107        65        33        40        90        21 
       24       115        91       -92       -52       -27        14      -120 
       81        51       -89       -89        16        62        51        30 
       65       -38       116       -18        41        94      -128       100 

